286.772741
996.811226
862.046469
410.600352
927.123531
740.516828
714.721822
291.105253
604.077144
145.323342
15.671842
713.784952
145.306252
979.335453
846.372920
808.368905
553.711531
908.628934
911.962496
27.289558
361.039788
883.835033
516.471637
869.343549
829.661304
626.010512
538.698594
667.835667
518.035884
894.834019
478.379252
804.808625
891.645245
340.425720
215.408976
818.768775
80.942547
930.130798
109.874027
685.019692
75.454140
125.545870
398.804643
220.760393
104.881323
245.177563
29.129298
658.592854
153.806497
941.091794
685.882411
514.846286
824.926827
202.354048
384.189834
654.588131
828.364559
922.888429
322.423797
346.400443
817.722448
800.803049
151.209068
709.367692
141.228769
366.618044
528.136467
222.171316
296.748842
638.010495
907.191008
372.202982
763.556365
305.995651
592.963374
868.437688
551.173215
622.092672
527.030541
704.979712
563.184466
212.912952
219.825998
388.111292
415.266999
604.015832
42.699422
243.631558
526.904260
365.123219
590.032002
344.626708
165.926267
741.241069
53.994400
307.155037
107.859113
582.130866
529.326353
404.607955
220.141361
436.517361
776.810937
983.697725
742.513012
369.774311
852.135413
293.686226
991.866984
379.165953
998.665939
555.051449
592.078905
218.491936
943.162741
7.345904
822.507767
985.862163
250.977462
349.412027
350.985382
841.009464
694.038735
516.911650
582.250533
748.033135
824.066686
690.109646
330.164001
353.393039
94.717601
550.305362
789.910400
871.528538
534.003087
532.423412
241.302849
386.138499
826.109638
233.169832
765.304453
824.775577
788.221281
357.383358
43.267512
731.384023
364.729261
865.775279
717.246185
615.706723
215.187306
68.231567
456.716187
909.226041
585.143218
38.966720
657.259175
409.209904
729.076366
987.423176
762.602943
823.793968
537.728538
552.513343
695.322505
71.731624
84.936754
936.625354
457.870123
911.046392
169.795186
223.174576
735.821968
958.016468
580.557933
779.089480
689.400490
945.287195
644.864759
406.646675
560.993918
860.052065
474.878242
17.710105
769.278107
60.021460
56.676825
426.537282
469.231363
785.753191
413.960458
231.834306
609.547159
951.688995
784.347648
304.869663
23.420619
869.284403
241.495017
481.290742
780.330794
411.290203
704.465318
516.152763
369.306670
285.023251
295.242242
58.707160
230.310445
940.107001
465.353835
791.304363
800.159067
940.232077
809.014468
569.437173
0.253536
865.691293
995.974455
469.484899
651.444484
409.934912
701.319205
260.991642
361.623907
485.666853
565.861305
385.044526
354.951255
807.356322
866.335268
135.282049
218.646525
570.800585
651.434812
587.953195
855.823837
946.677054
646.660355
86.134282
886.784056
112.014189
877.438645
686.943122
52.246266
686.453112
256.380295
52.499802
552.144405
252.354749
521.984702
203.588888
662.289661
223.303907
464.580530
23.913567
708.970760
30.441835
408.958093
63.922015
837.798157
275.293361
199.204065
56.444682
846.093947
850.638877
644.397877
701.917783
797.315931
291.058232
788.052064
684.099986
403.072422
665.490709
371.043108
455.318688
351.943820
627.423402
507.818490
904.088226
879.778151
29.803191
107.677113
542.067812
253.107099
572.257644
565.981379
962.077859
602.699479
974.939472
25.999873
440.497636
250.232833
225.203938
496.942318
96.326779
75.842815
141.340195
798.244561
873.158745
432.398427
586.296625
557.258731
835.470849
251.787333
928.301839
290.789536
603.731154
555.725240
798.608026
507.819379
435.503391
828.411217
615.496493
977.571203
81.518315
187.754136
543.552581
43.596174
790.453615
518.492053
69.596048
230.951250
768.724886
294.799986
727.893568
865.051664
370.642801
869.233763
663.296225
243.801546
301.632189
249.592850
801.060277
137.103038
501.380184
729.362116
427.892573
105.111337
285.087356
226.500599
612.930716
720.590747
54.911816
228.427209
698.161949
136.430131
416.181345
241.714530
180.026305
206.634959
760.206584
249.622353
437.586210
528.931469
544.422339
165.479777
393.983133
915.065139
34.713540
57.279358
158.866685
336.345730
306.872209
959.926962
473.448768
808.252392
689.289078
901.341341
913.363730
974.376433
127.841940
526.294446
694.967180
182.753756
754.721654
393.129129
319.183887
170.902999
634.843659
499.210193
377.537958
395.050243
748.832546
815.124168
923.981712
293.254884
980.603946
317.964845
208.320024
15.317486
375.244203
367.186709
351.663216
682.116412
327.113670
825.111983
490.368804
16.402747
726.453324
403.732533
990.779181
854.295264
930.026979
685.746360
37.049019
684.748633
78.875489
356.232906
855.651632
713.719148
855.443099
233.189591
108.769390
604.275645
48.313759
32.751102
897.530529
28.917705
350.715947
105.850552
44.235191
725.960150
473.037261
395.898407
408.076561
800.150932
221.010390
898.445365
816.553679
947.463714
302.177898
807.332860
801.758977
232.204877
493.079220
838.807997
916.953510
571.954709
195.040903
772.605142
285.673856
50.484002
5.794733
394.443247
654.759647
54.108492
427.194349
552.290175
83.026197
777.910296
658.140728
127.261388
503.870446
131.177988
523.159795
911.947007
931.328920
744.170185
810.392372
747.882599
691.633899
112.570270
555.215459
493.392876
344.775146
48.294678
332.200872
261.728657
620.249387
527.241776
34.333799
905.923244
577.725778
40.128531
300.366490
232.485424
94.237023
727.560839
784.775600
177.263220
505.471135
442.916327
304.524608
9.341580
574.094316
827.684403
921.288587
505.423235
571.854587
731.680958
253.305834
263.488486
844.251228
808.521293
756.881362
189.026374
856.815971
89.082234
450.755031
477.065357
616.324010
485.088830
382.988600
194.049787
525.217361
683.355091
426.535212
619.454385
410.915930
211.310811
796.717605
916.387065
654.227139
101.242212
925.728645
228.321454
928.926615
847.017231
733.744690
500.781202
578.698190
987.050524
764.269689
422.949418
795.571816
521.151050
611.975792
652.387786
610.233285
62.730823
129.453143
226.557294
547.819653
512.441744
420.607082
73.037014
195.796834
847.142294
692.491399
606.712764
58.453105
489.209003
523.099828
712.680244
590.451215
448.828472
941.001698
519.377830
295.845704
674.746387
20.159032
874.543894
661.796910
784.428721
297.493311
457.368726
305.579771
909.469103
109.756512
915.813056
972.199926
239.209655
142.370350
520.019579
751.651399
562.977432
593.056593
947.448233
410.119726
285.547991
554.160997
468.572831
774.756994
77.260824
181.253074
365.208208
526.089297
122.254771
884.586038
821.935001
797.001158
904.745071
696.478894
458.798068
689.173792
993.972205
916.166794
994.753563
903.441308
25.923305
910.566619
875.641234
265.132961
52.936968
395.660812
16.784359
615.914400
988.717405
964.232593
26.034125
274.265396
518.393589
494.606956
49.022389
595.654414
675.860029
414.230597
121.743711
798.114801
298.816635
943.678712
595.115959
203.561706
640.157606
53.914026
892.735498
634.129810
970.080820
887.489061
537.571118
996.004126
798.055679
413.212351
261.137086
850.992647
808.873163
277.921445
466.907047
797.590568
242.154038
492.941172
71.855963
760.547627
987.548128
120.878352
356.202040
663.408157
535.108949
477.945751
461.522958
833.925585
421.624463
56.638916
37.487291
61.782068
110.552942
930.222789
695.911879
80.633762
817.711849
233.482996
76.637888
615.767528
646.695347
337.774974
466.760175
455.568509
615.696419
933.667222
253.159077
857.850457
426.608393
325.015040
618.398084
414.156521
445.893392
974.600125
77.564678
981.002341
452.545875
539.087636
814.927926
874.170338
595.726552
852.415217
935.952406
706.279495
782.638005
631.864284
786.913257
600.349854
865.347280
863.551145
216.117381
512.042627
201.326119
682.877556
967.611136
817.022539
616.544777
220.770213
674.872996
43.153170
545.785253
293.271079
457.309691
991.678645
267.871203
534.874369
972.680985
720.417079
73.962005
787.608911
594.587417
669.688558
640.024127
530.539823
375.968052
422.662132
162.404107
162.881309
23.011985
27.751386
26.432455
239.129366
539.794013
227.758573
922.006923
507.405149
44.781112
538.551699
728.175362
719.654107
581.704869
273.960614
12.925186
39.014560
265.639259
280.796390
573.888929
238.320244
1.213468
647.850935
25.929154
595.800885
317.539492
665.953282
126.340707
693.507544
88.615413
288.744813
856.388853
111.627398
316.496200
882.821308
350.756765
856.290213
110.579881
272.763687
363.695362
155.360993
811.315386
91.870723
875.015101
393.020255
365.831338
887.940287
432.034815
631.470597
168.736677
5.923745
869.790841
169.950145
653.774679
895.719995
765.751030
971.314171
561.673276
892.091737
664.821715
650.288689
180.836551
521.210568
761.916087
497.332751
404.031876
112.672852
353.622963
514.611757
385.436539
717.318325
669.972750
196.751925
809.189049
544.987851
589.772180
175.020386
432.928138
21.806995
806.490982
601.664814
27.730740
676.281823
771.614959
681.505420
572.001818
537.365989
652.819590
133.675094
429.457726
317.641305
783.963784
610.294277
838.851873
545.879870
107.627027
242.883748
658.552722
461.249990
757.495506
43.989261
178.568315
427.468255
240.741186
987.757363
972.456106
830.513366
162.777749
405.384244
852.320362
969.268731
7.049058
880.051102
645.550554
778.664017
561.556522
217.552371
316.030006
214.376112
351.227465
745.487732
532.017417
135.191248
355.782008
370.869290
681.071119
463.409035
613.753039
339.623841
924.659025
371.248544
383.613102
103.227340
798.716799
624.354288
90.984703
771.172905
454.867655
253.762451
176.557148
307.188017
223.031182
183.606206
187.239118
868.581736
962.270224
748.795641
86.134106
278.300229
963.171753
437.361572
23.787961
495.189170
572.552820
379.569969
866.058460
253.623939
842.979005
479.811499
593.247780
767.638029
851.060043
976.860882
870.865369
649.776841
601.215170
961.850072
420.949747
56.082824
215.612522
597.506895
363.270841
438.643705
781.113102
550.509960
307.225440
743.383325
299.305600
393.359547
21.683553
262.477352
830.721119
45.471514
757.666523
403.273938
425.041483
623.724982
656.897877
268.020488
103.536481
250.145657
35.658516
954.596523
227.006538
906.523886
604.373365
828.221709
868.373957
25.323111
884.304533
83.986479
622.830006
247.575374
522.630184
403.943107
798.085334
829.855624
147.326431
97.390933
223.215171
169.009984
359.868286
53.936289
214.481498
117.534808
457.210228
639.522982
741.259791
114.108105
907.543469
844.796271
364.253761
943.201986
799.392795
591.260300
849.725871
403.766159
419.482009
718.099827
429.089269
303.786541
802.086307
51.919275
551.361915
324.716490
455.862382
349.447249
154.572114
603.188813
446.838182
377.787285
772.198797
806.706468
431.723574
986.680295
924.241276
888.933802
626.203277
665.501066
3.041906
533.746746
510.297338
367.295668
476.948731
309.690132
958.555968
326.674602
713.456291
378.037976
44.774429
142.545560
681.824518
846.860736
194.464834
233.186433
171.577225
650.327216
582.633682
326.149339
253.516028
29.471864
703.936624
25.714825
836.178332
135.660197
12.395120
760.419608
24.593999
638.598397
425.920673
27.635905
172.345142
936.218011
394.931572
649.293874
245.908143
353.487540
975.968475
959.364433
