828.448340
259.114931
425.041416
226.799760
708.233618
628.467374
690.396679
144.028100
460.693078
988.382990
185.606570
709.157154
164.704914
798.947789
319.374248
449.079390
22.152790
575.352955
389.319362
613.285144
370.891550
194.897856
251.108076
447.364221
474.065788
533.431907
260.095834
571.142765
963.983621
727.237164
691.227174
792.431960
986.352095
116.268590
19.231720
694.585713
744.735964
709.628399
838.613813
205.429042
698.011389
24.220382
914.586196
862.716303
823.168171
233.960443
311.795693
845.320962
809.313399
701.115055
458.606106
180.204949
896.012911
709.714181
627.569170
370.078699
243.146089
887.665004
941.221464
207.129709
614.902167
632.448638
999.561669
601.254262
748.717228
18.793389
295.839975
493.453192
728.421789
134.453788
698.882234
426.433177
158.674170
613.468430
289.149480
981.842342
847.428873
600.945173
827.163303
656.742272
302.060228
285.769409
836.947221
198.073138
995.483590
464.516390
568.151837
238.629678
352.181393
509.373301
445.759387
967.083561
141.821940
445.321056
568.337823
890.539167
464.114445
864.177798
383.992359
192.536234
998.631586
82.874592
618.969411
157.305755
696.343022
908.118891
139.148097
543.771895
509.064064
966.311400
200.514166
811.124291
252.080809
37.461387
9.197429
247.564398
501.977777
577.349267
486.194076
854.159170
86.722568
931.953463
821.242731
228.544507
377.274519
389.580554
119.083675
841.388964
253.758351
503.076033
33.925198
252.389936
585.950626
652.894609
409.695692
282.293648
561.013500
548.843789
826.065543
70.077563
515.155189
26.579709
881.201854
767.235997
64.041096
890.399283
14.800395
566.018873
467.748550
500.994471
420.178042
554.471118
432.947934
241.420773
783.015625
810.222453
631.001327
902.099300
651.611417
884.759678
405.175333
685.536615
137.149614
991.125959
338.431224
546.845306
273.419607
899.444723
95.689095
99.485149
969.522286
610.844283
126.064858
850.724140
378.080280
190.105954
741.123423
392.880675
756.124827
208.871972
893.875146
176.302869
763.343090
326.823080
417.723642
546.358715
137.045533
48.724968
448.458014
788.656950
933.484646
853.633347
474.193565
70.634260
844.759306
812.624790
617.479566
118.178912
712.069513
713.168661
217.664061
681.591799
324.012944
343.728920
532.315939
702.093224
533.834873
273.439361
94.973899
289.959700
482.311333
988.849045
466.262569
245.654423
315.672124
883.986211
792.013138
452.717657
932.711179
240.471152
241.374607
866.195825
94.104499
715.568173
936.830086
938.863805
528.192962
554.309652
57.042717
240.262474
267.478312
274.706778
921.854273
591.491256
618.435697
454.170211
293.584480
152.270571
727.609572
388.558378
442.230271
209.920905
377.407423
908.492840
455.575329
693.079547
792.479050
247.588466
145.797204
725.190230
488.059618
387.171811
591.386054
582.164116
102.739983
528.216140
521.027921
630.932945
82.525791
578.070637
871.195419
350.004103
852.777415
793.049692
941.495359
471.213112
247.219903
235.079838
623.483683
974.829475
623.638216
65.713954
184.750380
1.045639
974.206794
640.325709
694.125186
766.685844
887.914175
839.922390
491.876073
375.973792
227.094201
83.262127
958.137908
329.834184
611.478267
479.165829
960.767129
694.004058
57.236466
831.962548
44.008160
910.013881
625.012240
985.503519
381.226993
872.232143
220.583357
4.710676
847.061617
844.221573
70.424630
31.811997
845.267212
44.631423
672.137705
539.392398
811.317267
560.051880
379.314788
303.193340
936.025672
606.408989
386.455467
894.163580
936.243173
997.933734
373.329408
897.010302
691.937792
430.565874
728.972850
735.945952
340.579754
353.985090
721.449471
721.806747
226.217232
942.032828
726.517423
73.278849
786.254401
796.942054
105.090846
631.521613
841.573477
777.228552
170.914011
652.890744
337.280431
550.228799
956.084084
273.306103
156.637787
342.539550
167.469682
92.880960
340.473284
540.799090
989.891263
32.411075
971.364964
718.864112
768.357027
311.944718
72.849202
489.806497
33.751465
299.066434
431.839325
760.268888
372.345283
218.093725
557.210942
477.436129
849.615338
398.784418
254.664680
20.529348
51.675162
591.945112
570.758147
7.759245
865.251214
727.395934
350.298796
32.720895
820.276895
690.772079
573.519986
810.168157
723.183154
544.884949
529.032269
491.540180
856.829667
601.881471
981.346678
890.581132
900.947905
413.186002
650.850020
273.293187
631.279727
208.060962
750.729316
480.895065
606.845380
5.393996
501.424413
658.520542
597.339107
72.182560
666.279788
462.590321
799.578494
16.578583
495.311217
619.855389
707.350662
68.831203
430.023546
430.533815
613.716152
959.055815
922.073996
470.545819
560.937286
903.420673
361.126951
461.885190
316.606674
11.976971
735.178377
947.886401
220.037933
485.907693
428.781465
826.883313
491.301689
930.205879
485.403855
88.640797
2.388438
151.683642
551.231118
801.966933
168.262225
46.542334
421.822321
875.612887
115.373537
851.845867
306.146702
729.089689
810.901682
228.220698
199.635508
371.838967
131.641370
560.762459
833.724157
448.248044
572.739430
568.902534
396.134445
792.777362
54.810226
824.915911
619.660674
546.111916
755.121789
105.064529
634.752713
757.510227
256.748171
185.983830
559.477160
425.010396
232.526165
981.299481
300.623282
347.899702
833.145347
606.769985
76.989390
644.047029
834.990682
276.624899
15.885995
966.632052
837.387357
849.610153
414.880096
410.126786
418.512686
811.014541
202.904148
473.322913
635.930452
822.564823
19.434828
391.052240
927.629352
654.187541
148.562467
184.377522
840.171371
708.039627
609.387919
72.697535
689.339107
910.011201
420.597237
522.484454
516.781186
497.586627
166.531483
351.771868
774.211526
182.417478
318.403920
611.598883
32.027630
733.284016
21.725669
450.540317
544.298557
224.629817
923.863229
180.229009
47.194639
943.298058
571.281249
974.823991
597.485598
719.843716
159.201513
437.656968
427.883343
768.589432
510.354503
117.222449
678.600632
930.951740
639.706904
195.381818
428.538367
806.238387
547.153685
202.749893
988.655865
865.557605
814.348775
20.683495
598.841621
836.074444
471.223811
143.140178
60.704261
395.087040
323.369187
107.898900
338.385097
894.650436
82.722891
935.870695
614.494152
241.924404
373.527663
42.377494
10.513835
883.882166
159.599944
689.114468
814.833906
799.306848
884.496286
243.372273
605.545234
431.649971
446.122166
594.201098
297.207576
260.470940
614.884593
896.049197
96.545384
86.108404
39.189375
157.249645
481.195444
362.558562
265.148545
819.580542
257.208998
347.871436
755.451237
871.703150
589.795840
128.978900
914.080644
600.309675
12.861066
73.680588
289.424142
827.694972
872.987436
173.920428
71.067244
478.532670
605.570399
517.189410
72.733768
902.777975
777.660350
687.618362
798.827172
874.205735
773.726766
838.016547
31.455380
254.922210
200.575109
296.603925
74.502752
457.784107
644.475362
829.953989
329.487256
234.271201
958.932889
243.567901
834.580876
971.793955
317.248489
124.005018
799.488926
190.235925
297.925446
870.556171
668.768595
903.495845
387.745580
741.502363
806.273819
165.405930
429.120725
605.100991
39.611664
202.847491
443.117537
71.067044
457.769701
643.692646
367.670970
532.272453
101.476753
12.146331
362.226442
430.964010
246.417532
321.159330
674.531910
80.998408
292.953285
991.780399
205.003426
92.442210
182.016324
502.928872
962.998381
850.784919
406.424717
350.743960
592.287282
212.698536
516.149890
21.408006
817.799526
555.761555
224.255497
260.917063
626.828599
682.025198
904.609710
994.499569
214.297651
6.086462
6.645899
576.524093
437.050472
253.063431
897.683424
111.582382
334.061839
190.636708
103.362781
539.065265
283.078919
285.379105
41.994137
246.077299
136.164024
448.418854
596.821260
728.451306
661.117390
112.971150
749.859312
478.916916
668.732704
974.114809
739.833979
295.561303
656.140007
644.443689
290.060871
870.437658
650.530151
296.706771
446.961751
87.580623
549.770202
344.645174
199.163004
883.832042
535.281882
302.525785
422.897306
818.360801
587.904891
464.891444
64.438100
724.068914
913.310298
661.259360
452.520220
574.427688
774.230510
202.379532
53.344603
442.963214
176.494340
793.178582
738.524518
832.634347
437.622271
28.585389
703.072005
88.152421
325.292160
150.033755
175.733044
875.062362
494.678930
374.896049
758.894403
29.960812
677.421834
181.791709
848.321613
265.326725
646.683154
912.759714
989.395639
559.993452
574.019074
441.915859
134.421139
348.249584
644.295391
187.765742
791.212798
820.789731
980.944325
529.737316
653.424078
418.566595
558.322705
356.496083
506.719016
883.614865
506.529838
682.452061
758.677226
1.208768
57.348109
517.571629
31.169580
734.769943
699.363339
879.491193
0.096668
346.046492
792.250907
989.492307
906.039944
366.269980
431.408165
40.461082
714.519564
75.703556
228.226825
505.732362
896.493287
209.171149
35.469678
549.917365
627.737744
593.792382
906.413448
134.456760
477.407247
412.943285
816.908821
236.084473
414.152053
874.256930
753.656103
445.321633
609.026872
453.019441
324.812826
609.123540
799.065933
117.063732
598.615846
705.105877
483.333713
30.024012
745.566960
197.853277
105.727567
973.793785
703.585639
2.220854
182.964934
739.055317
552.138218
810.702678
332.847699
458.551666
945.159439
810.254946
871.494951
762.068259
46.339419
285.647004
636.325188
799.995521
730.968637
245.352060
253.014962
55.781462
854.475601
52.080896
172.845195
453.091447
757.186773
656.178907
483.115458
502.753732
854.032184
588.843026
476.547517
557.617823
591.063880
659.512451
296.673140
143.202098
470.215129
629.520839
601.753764
415.374567
439.775785
473.248714
177.442825
486.115203
758.895718
813.768014
286.110725
489.864354
59.120073
539.125687
545.645817
913.595674
591.206583
718.491011
366.687121
348.393356
374.669918
849.802579
851.147089
228.702102
438.645604
327.694605
786.319925
29.709484
987.207056
82.993065
172.911581
457.422185
712.513903
774.665345
872.796752
152.289688
247.914059
50.239577
638.404892
6.809777
864.007591
924.515617
496.674131
923.127665
463.641303
42.319947
836.723338
54.847886
760.810959
203.410458
403.241242
135.480877
53.213037
254.388330
364.182979
491.858641
582.082936
150.502904
521.568125
569.289992
233.495969
694.479706
26.712177
946.009873
469.145051
899.508929
98.299560
717.059110
949.748506
736.704452
723.868886
813.756097
661.220068
220.543017
736.883761
124.861371
262.862965
573.607099
179.709258
23.673923
777.017557
582.950500
159.154800
830.230595
837.338830
523.337779
322.089235
419.421766
673.840683
843.657360
988.711758
907.336653
538.137066
15.423934
853.346525
7.282117
914.932863
951.646085
724.341227
864.681369
688.350537
448.210113
678.437465
349.570605
668.753130
415.321226
474.431976
931.616095
988.928325
654.141234
955.290018
765.945882
237.091733
114.444817
596.176476
74.430563
637.782596
918.265712
493.852329
311.623279
761.923072
482.564086
218.959931
300.060138
497.988020
72.306456
307.342255
412.920883
23.952541
31.683481
277.602252
712.303079
479.893594
956.039717
61.873683
148.646724
371.360942
536.305659
80.262818
360.289267
190.446892
35.552836
126.235149
427.538626
149.997653
722.411625
501.969189
787.780249
640.677337
995.821517
99.403529
402.600409
478.385603
318.363460
702.660547
976.373624
390.669916
10.002802
389.294506
414.622458
41.686283
666.896758
126.925536
521.579878
622.936474
188.799219
670.226602
994.297417
725.104878
750.489421
354.586684
915.551771
786.042257
480.821833
343.090396
936.039910
203.233458
845.059585
723.820159
843.910795
840.881102
823.223688
246.511203
319.266705
141.587148
949.171751
295.640328
532.257064
959.174552
684.934834
946.879522
0.860835
351.831592
73.805057
522.440714
974.768067
262.604276
192.667315
969.065484
987.709155
943.156736
323.652167
903.260925
729.198993
804.474000
246.351321
665.238902
7.707458
91.410906
389.059061
851.618253
932.292008
212.282749
98.129456
251.558713
353.869896
47.301206
547.199041
886.126960
6.475758
232.133875
833.006482
7.336594
583.965468
906.811539
529.777308
558.733534
169.415815
722.444623
527.799017
157.124969
665.601359
851.451184
60.385894
394.800351
655.925184
306.737215
60.039253
663.632642
398.148121
449.098314
515.250894
330.440129
661.381062
613.380350
581.998842
15.250958
660.681556
129.197883
901.377918
667.157315
361.331758
734.384399
674.493909
945.297226
641.195938
204.271217
504.030759
810.611753
926.715840
31.829776
967.736722
592.317198
883.280960
28.122616
987.117549
539.206144
334.859831
47.156801
202.838785
733.007953
496.255115
718.089680
63.448081
157.636177
331.470029
645.446923
172.887135
992.151586
774.644806
74.265053
659.308900
135.976565
808.649452
333.802809
81.273790
449.845389
538.074026
585.304550
260.457142
464.789865
617.134325
228.193864
57.107062
500.415285
256.316480
44.224611
39.621429
591.176312
91.381412
242.460214
324.184264
587.636527
960.549894
387.632345
745.272704
292.019923
33.079269
918.159839
284.171508
807.724075
992.424892
943.480409
943.700640
801.074344
277.283217
24.974430
250.919733
815.357243
610.278980
511.376875
280.147107
227.413305
739.570739
337.254170
727.828591
995.887219
381.478781
767.450020
587.063530
472.860193
9.910233
911.247794
60.496719
970.460128
298.880140
805.769423
262.480050
331.959408
723.929263
546.651558
139.683483
716.354154
490.131967
83.384123
517.428498
767.415184
108.358553
768.348230
582.772427
718.637533
279.725105
862.919534
946.050838
19.295843
200.173703
673.879428
15.183061
581.652484
441.329447
602.246591
54.512676
451.239681
513.494385
115.009395
421.699808
812.374525
920.778819
684.179858
144.333933
644.708081
230.831415
284.017416
361.062235
720.963382
367.401539
878.490733
488.378566
475.760092
646.838963
71.150992
194.397625
926.564068
934.070526
140.448462
945.859911
134.244228
814.327890
961.042972
715.896712
255.657337
563.289563
770.409388
706.897017
76.783948
885.418784
128.596825
889.158473
806.197603
812.776682
33.492405
450.905683
43.608097
317.509821
811.967919
764.571479
684.911360
690.458651
252.950044
160.671452
337.297613
324.101036
355.069077
263.861681
258.171561
495.517540
209.721592
392.415790
309.845429
170.764564
108.312502
565.502766
734.054127
878.721890
272.399783
810.838075
764.140674
400.996607
699.996548
570.338276
213.773289
733.488953
21.243959
257.381387
50.998773
833.211878
21.952866
735.910134
523.670528
274.902910
896.581586
860.968142
599.003946
251.650663
124.829823
857.175508
747.168202
334.551415
249.591297
57.013631
505.315978
357.903799
622.516397
239.370105
236.625689
894.916180
50.208180
0.766363
295.912787
750.204728
571.104639
509.686077
483.693680
592.348598
767.067464
534.692454
425.560475
789.020330
270.602587
949.231003
63.923240
167.184173
810.199145
662.927186
418.834836
935.028968
520.102693
166.003038
269.580382
769.693991
223.016670
774.896360
127.597789
845.533067
14.266465
364.223478
740.449247
64.474646
364.989841
36.362034
814.679374
936.094480
546.048112
298.373054
528.443077
313.115575
833.065509
954.003552
102.135905
103.668096
903.234555
166.059145
270.852269
713.433700
828.986331
689.687105
648.462667
349.089024
855.690143
918.043049
118.783015
78.706813
692.939410
246.380804
924.239879
707.205875
610.604282
664.689126
771.680521
975.594123
701.051161
586.359895
911.688602
247.099272
884.732950
440.131679
560.214847
717.798458
394.135231
662.350752
821.466554
297.369786
828.409897
92.318823
10.803486
657.396227
782.005928
659.266154
6.485251
637.696071
577.309203
125.268266
716.402884
270.248612
371.649070
640.642762
977.454488
982.253353
305.331888
749.135008
957.847476
6.383048
335.494904
869.536078
253.482320
220.227853
309.667756
813.697167
938.026311
703.802988
476.047918
759.492865
1.172774
304.457815
851.811687
11.976259
961.854042
633.817615
671.242413
968.339293
271.513685
248.551616
93.607559
987.916569
518.800228
465.256630
628.559331
496.254715
447.509982
933.891220
245.389723
405.357458
940.274268
580.884627
274.893535
193.756588
801.112480
584.561292
7.453755
739.138791
288.364280
483.501673
498.631655
289.537053
787.959488
350.443342
301.513313
749.813529
984.260957
972.755726
718.152822
255.774642
221.307341
811.760382
243.691211
740.107569
277.017011
872.250542
236.362284
724.526994
806.141762
481.752007
129.884451
746.416029
62.636633
404.777987
940.172617
863.749113
989.339279
947.626372
602.887904
277.703559
431.128045
101.519558
567.240612
219.087532
451.962901
868.753924
968.901061
436.223858
841.509650
687.053883
691.998500
62.816991
498.814265
935.689711
802.924560
775.831276
807.940253
39.286843
500.358269
614.082014
521.038850
630.242721
360.498043
583.675484
35.020707
300.670660
447.424596
24.359986
248.297032
50.312500
302.063545
679.425077
151.832058
869.304157
898.512609
603.794959
738.058081
867.413670
40.018816
579.567731
554.467554
732.017316
642.384722
53.281818
667.707027
445.309281
829.113094
475.647279
484.596124
329.471362
89.729293
5.634974
959.714083
450.227336
589.310457
994.734791
750.897996
36.735053
19.094777
999.195028
87.047553
321.158322
678.620104
238.879610
190.462479
577.132713
842.674569
928.520560
444.546383
882.693385
508.088290
999.013937
614.710701
150.473011
52.295754
282.417728
595.782292
881.408848
758.065007
80.378416
210.880210
847.794300
86.013390
170.594293
298.021636
675.323847
165.329083
48.919631
712.058900
184.423860
48.114659
799.106453
505.582182
726.734763
37.986063
696.044660
303.867476
880.660633
624.565220
748.413859
763.354018
132.653510
747.427795
378.064718
283.126521
799.723549
660.482446
878.908814
681.132396
418.547453
959.287230
892.012606
266.341753
45.300620
62.606899
564.363389
720.624467
227.935982
613.283020
432.683367
412.359842
661.397679
231.789820
917.942025
388.132442
269.775883
613.986685
691.999917
150.436516
238.551905
440.413776
913.790533
371.205414
187.841570
291.855251
654.331935
987.565119
952.337698
533.240749
668.697515
370.885150
492.527979
560.710121
637.226903
537.828598
623.317020
201.590291
258.453065
851.253002
814.873312
691.136432
263.612844
476.270990
922.926252
181.554868
864.403432
192.702134
795.541553
556.403349
343.138650
34.093457
996.817125
256.929183
405.298872
184.658695
548.784434
59.630807
172.223813
501.122131
592.871556
840.921329
872.007281
85.399534
401.631449
509.234184
623.228133
24.948468
710.824475
881.681198
876.201471
525.697787
572.817629
139.814314
1.968777
495.743880
321.369183
866.372209
688.446015
116.910736
422.775558
31.584664
151.004193
419.592682
288.513847
556.303065
604.251377
837.298281
615.933872
776.475191
338.420412
208.805428
617.396519
210.427693
294.204962
19.027968
719.661877
917.433095
43.976437
430.486352
799.114292
920.177908
956.184139
371.931921
59.992222
958.152917
867.675802
381.361405
824.525125
556.121816
498.272140
247.300683
587.706480
649.276334
666.893365
876.220328
205.579399
271.144742
713.518609
821.513271
47.619933
51.939020
30.318698
665.016452
262.366714
324.523661
684.044420
982.028591
241.956756
728.020857
412.514943
41.071048
648.198764
368.699082
413.002968
708.190986
326.851999
280.678770
89.552390
151.377124
836.800586
587.824531
398.677807
424.507066
237.100864
65.571172
300.727394
442.680263
336.715914
14.246002
264.193534
384.335847
66.185023
294.512232
49.352299
328.551737
619.035893
733.396719
310.580327
860.992649
461.417576
723.095271
902.063696
109.616339
91.794353
315.066665
817.807326
418.646352
595.745434
907.359716
570.023475
432.546020
495.184246
968.701283
857.053087
732.285110
34.272454
157.780480
174.965372
370.988368
172.026482
439.158906
755.324215
238.211505
733.671138
804.676513
566.763242
352.707031
538.073231
877.343569
213.699679
999.490807
600.438840
115.763375
109.107146
692.233193
430.830040
926.914472
110.879544
26.575474
834.274187
680.903020
459.121494
329.458432
649.604302
316.174580
61.743542
683.876756
473.955060
236.708915
54.865123
645.981543
675.867821
810.189338
884.193048
409.538959
614.865850
450.956289
762.245990
152.939081
328.299858
975.945669
152.429888
928.738698
91.709044
261.537034
620.971891
522.539084
188.451505
731.851436
549.114558
22.725692
412.754455
8.236052
352.184124
62.358757
324.410632
413.927666
746.235513
798.365693
650.636581
801.100636
444.347235
326.504402
611.289974
328.540282
736.043360
226.155824
779.496572
498.289350
379.094905
107.796430
474.235019
531.524793
36.535128
565.944063
793.061827
657.507019
88.483147
981.513333
389.358454
637.597706
4.239024
802.112909
645.833758
356.423148
864.471666
970.244390
770.350815
610.707179
768.610083
420.987395
411.807815
212.957318
747.491797
23.097788
541.497600
483.535157
249.253612
320.994171
981.824507
628.348517
428.790601
456.059525
159.873310
465.325729
22.003588
952.935137
122.832748
110.486735
934.448469
512.191202
748.084441
938.687494
314.304112
393.918198
295.110642
178.775778
364.162588
65.461456
789.482957
132.772670
486.448851
201.290771
345.729988
233.940648
224.388560
887.227588
717.475804
473.642172
208.221759
699.300310
101.990688
637.012360
155.359835
261.863998
102.338089
177.363423
214.799135
225.170837
287.850158
149.247604
737.362040
35.934599
87.935098
51.666151
429.852797
383.045739
230.441929
794.015385
448.507195
19.924886
926.788055
934.956046
221.215658
272.518043
168.896693
445.604217
159.745630
886.372498
919.246389
367.967389
585.672808
21.237077
4.979749
741.032643
283.101075
107.317839
918.396067
497.900211
332.488676
206.246225
647.147815
69.850716
242.180824
735.082912
121.516867
672.033621
118.128651
351.958797
466.049005
566.635846
371.883682
392.837060
501.591892
593.099340
665.355103
670.488585
38.703557
825.100733
556.861082
957.949946
193.068122
142.533890
979.187023
198.047872
883.566533
262.288098
305.365711
801.962600
760.188309
637.854387
8.208824
407.336123
707.705103
250.389648
142.419035
829.221970
922.423269
260.547686
181.180766
388.472274
827.183532
553.064449
781.309334
328.775424
146.163788
446.664436
999.264009
184.867345
271.765169
556.125091
142.817291
464.833291
698.658981
122.004314
662.881163
582.225514
384.292412
968.246874
384.188113
144.480721
606.101261
392.396938
551.816844
313.806364
642.786586
694.235879
143.028333
565.209855
954.783565
324.209100
953.682129
781.967097
877.273549
734.991462
110.742521
23.437337
181.655898
110.006529
208.304682
453.421068
666.131621
351.121973
918.254359
364.790602
473.126287
581.135522
947.016116
857.418700
549.382396
331.204230
1.899420
155.483656
723.601167
553.716264
469.290020
366.387753
247.952142
612.318354
931.597608
202.735707
936.527454
885.279736
984.702805
813.801003
620.271198
95.445325
837.238340
801.927097
205.451855
45.543022
255.348164
871.583476
396.664995
173.602523
236.374077
869.791283
754.738045
183.390193
727.209982
304.120441
514.594423
729.109403
459.604097
238.195590
282.825666
928.894117
604.583344
530.777809
541.212470
536.180951
733.513516
477.739923
421.460688
718.216320
291.540926
41.731886
813.661646
128.779265
843.658983
19.113500
174.322287
99.007146
890.696976
570.987283
272.609669
127.071053
440.778565
27.347714
310.461247
167.988548
331.468155
825.055669
897.097950
791.072252
63.251259
179.923616
719.966369
667.834603
710.701424
261.178839
204.015554
444.214940
738.918762
625.476242
162.431261
30.459688
667.208128
976.092906
159.238953
510.867110
995.206406
333.561240
609.874257
885.903382
904.548523
882.483926
12.974435
345.327088
909.831640
323.435681
513.315636
241.299794
148.491351
410.413585
32.372046
211.742610
590.337201
752.338414
879.577213
301.038625
13.517253
83.592767
745.253566
752.436015
709.069010
907.684827
782.895703
376.277137
883.777732
942.134656
887.144248
878.984139
275.695895
497.018504
764.887520
180.244417
379.502429
777.861955
525.571505
289.334069
101.297636
38.887140
530.633863
249.788987
449.300725
563.005909
461.531596
39.637926
315.344323
341.108809
340.676552
328.861576
424.701577
85.930117
81.297590
133.770586
993.614944
864.193293
510.047724
877.392676
806.327948
397.191971
756.376814
82.023843
894.210475
521.264334
262.268260
273.712904
299.126289
787.839765
563.046973
400.423926
826.726905
93.680836
650.212912
276.027630
656.686745
111.744508
315.665557
972.031068
452.853318
656.342109
300.892643
877.554895
742.272226
382.190234
11.325481
735.887170
246.383527
521.373205
613.279845
52.711475
918.565176
369.656660
134.735318
812.775651
890.920994
397.003578
86.488555
190.047283
184.843343
649.535528
590.471209
11.570248
743.216365
240.684121
287.597879
399.903109
352.428629
603.263435
371.934177
805.281947
259.605543
672.826820
682.836842
1.877769
55.017054
694.162323
737.764939
301.400581
215.535527
351.044784
354.112056
134.100702
720.701444
488.847374
946.876353
611.622438
885.850953
33.364908
801.669721
70.694296
682.900436
392.140930
82.264544
426.116800
632.825051
369.862423
826.019909
985.253680
973.125858
197.954085
790.535627
232.731401
870.780906
473.372468
234.609170
925.797959
167.534791
972.374109
227.198540
383.070317
323.418893
581.310596
517.171020
44.120336
70.157970
464.047373
655.742774
956.008923
497.412280
457.412495
26.703218
180.312716
849.553425
108.967762
606.429517
482.378475
478.830185
432.449426
467.632155
451.956043
630.403511
258.167781
684.687444
501.184416
731.540250
919.296615
426.982376
899.075040
891.670723
654.180915
282.145357
215.089616
235.491512
799.316377
259.209952
305.649482
263.363749
914.952726
261.658405
760.776030
372.365221
288.361623
941.088746
221.918645
397.329386
547.518263
704.297121
876.159571
979.967689
171.929275
328.115613
610.371199
430.097056
12.803057
111.555615
161.637305
932.099672
538.537991
60.712345
823.770395
192.718906
342.857702
38.860010
428.210417
142.174079
298.069963
733.859899
405.537828
213.022689
995.518304
166.313858
585.387910
283.879927
107.402604
807.306555
681.209312
654.920867
511.603675
557.368883
634.888555
683.532950
885.484496
245.259754
113.630007
898.287553
356.815370
275.267312
830.387225
895.353361
335.979657
654.157619
88.072266
678.837360
693.017630
516.282684
821.011438
991.087593
250.142583
226.549266
204.110281
245.660887
392.863124
789.498191
529.540813
500.265728
596.804745
210.750125
155.186595
108.408420
768.119008
790.075149
791.941371
653.603504
35.334903
905.571377
551.891057
392.150272
180.838689
382.278281
287.503632
516.818347
36.435900
375.575899
195.655706
729.453530
891.858583
16.667144
720.541123
142.001165
243.216410
924.651404
387.662052
636.079535
714.149595
917.202866
136.345263
310.954340
127.952991
291.531857
419.362760
896.071999
81.607006
211.304131
549.675502
116.941909
116.875508
101.566558
509.092182
297.714197
483.844839
796.595815
814.532544
520.280739
172.171713
10.188249
249.734269
64.030295
26.855393
970.275392
206.031460
270.071804
894.926796
593.693513
906.151339
609.076390
510.896378
42.496601
920.030730
638.849369
334.028458
339.393490
534.921367
415.635465
550.697621
84.596869
532.577374
667.573129
186.163427
41.669555
965.287326
670.008266
838.265370
779.819869
190.289005
10.437083
790.008119
440.023274
74.467378
816.863513
410.298666
280.498839
86.935316
305.225461
874.192351
993.086655
914.301851
385.088729
35.583256
834.332581
23.938097
369.611715
173.726071
558.859464
785.247180
724.423692
643.456333
317.824553
391.996820
829.619760
359.494109
357.284146
499.628025
197.759479
137.104015
689.917030
208.196562
927.112134
129.940304
282.663940
743.975646
540.238970
563.162778
830.910962
845.464431
437.355129
823.997617
759.766282
822.443858
859.580873
594.098863
846.381955
229.192588
767.824934
405.241419
14.439767
492.248625
48.697751
332.264321
884.245445
878.317511
691.758430
241.529591
377.945536
889.517909
378.633606
67.862566
97.714471
305.745740
197.802870
380.378411
49.721386
738.041839
943.541189
880.632348
583.506270
380.896318
704.629965
343.272551
203.340176
564.210838
937.371414
49.722131
793.403427
705.196347
454.963550
807.843194
197.444972
503.661302
140.107514
81.690417
381.978812
831.865945
323.220009
759.924348
721.383854
701.853615
827.786914
819.098325
7.599355
25.589783
199.476735
57.320741
763.631622
143.017924
937.953089
347.137891
523.914243
642.583053
690.410443
727.254419
206.793891
627.781857
776.976550
0.197317
332.978204
231.940101
808.040512
530.423176
735.601402
948.148026
612.113593
117.580214
780.013971
935.333602
877.504562
501.397825
637.187216
705.291475
320.496149
644.786571
730.881257
519.972885
702.107312
494.512879
662.990809
640.060400
841.650771
186.905052
282.643453
532.061213
914.159471
489.437345
159.843070
691.136021
489.634663
492.821273
923.076122
297.675174
23.244448
658.677523
245.823200
635.358041
776.257737
25.837170
570.691643
653.762298
527.234995
207.878859
359.053773
847.731144
852.665430
89.935030
367.704028
554.772741
584.447909
30.694837
194.833141
426.098679
217.599889
477.476595
958.159893
131.759359
966.913939
118.002962
822.895380
456.548602
610.824235
745.971501
754.223775
634.068684
404.649024
0.046975
269.426725
180.906761
25.884145
840.118368
834.669060
553.119140
47.997226
193.722832
400.850284
900.662657
283.657862
768.554312
455.435398
868.105771
799.249149
650.268540
294.204450
16.849038
127.745134
252.364343
148.608397
94.659073
370.367305
971.503777
551.207675
981.191540
717.475278
305.431450
615.260223
122.124302
305.478425
884.686948
303.031063
331.362570
724.805316
137.700122
884.481710
772.802543
331.422954
285.331993
673.465199
615.080816
53.886305
128.900597
483.186587
853.135454
779.169137
777.391036
869.984492
906.914270
29.755379
18.592888
1.573343
400.122684
990.096666
552.781018
381.314223
707.571944
858.212468
996.574447
829.696246
163.690893
881.261395
132.727309
495.053463
606.066710
270.427432
379.535173
378.869252
601.850386
664.867167
52.334452
216.931201
718.753472
181.235049
700.117788
571.888926
960.404186
477.508824
441.873417
867.318456
507.264203
460.466306
868.891799
907.386886
450.562972
421.672817
288.701109
158.134915
279.885285
285.275556
987.831162
443.576178
166.536950
120.558471
938.629641
772.603660
390.985902
318.164814
151.472913
992.836288
983.031981
203.807364
209.767489
701.785452
385.042413
909.885277
273.674377
345.446598
387.394100
715.547795
212.765053
894.658303
176.014100
81.656852
802.045189
626.577072
503.329669
90.746298
784.711988
783.214954
376.021854
772.543149
226.791131
542.558804
893.101620
165.420772
315.162464
284.087521
483.585586
466.635377
276.923809
466.617566
670.442741
486.691298
168.403017
55.485154
396.576574
442.077395
400.931752
783.970674
157.625189
613.696805
678.628977
333.639289
695.353658
480.674166
960.216362
198.683326
571.420464
744.928349
981.898280
947.442319
517.471498
208.689410
490.001123
410.573117
374.110182
805.163587
694.660639
857.695768
271.798964
971.584448
324.313333
942.241705
458.275745
492.716350
997.726860
854.852319
934.793745
398.658611
638.822993
92.418934
12.355417
317.451969
426.058223
707.709074
798.126136
386.274585
906.392401
369.546600
131.202934
888.290680
316.988919
648.674432
96.980090
806.990041
59.247549
471.090272
612.153628
753.908188
328.786039
883.952592
725.492635
653.099372
826.194297
183.768379
145.815722
823.921156
38.620698
80.609466
222.579767
677.443690
173.028400
234.935184
994.895660
599.086623
942.644258
793.021796
985.361209
849.036658
162.568395
116.564142
737.327338
479.557314
765.238574
834.307427
286.547355
824.486123
305.397699
898.700983
578.394310
634.183738
782.653575
303.886945
287.283109
608.847872
487.655324
433.098831
432.769028
526.276022
513.708297
655.348796
203.719712
686.736698
890.283979
198.615372
285.823321
832.928237
991.637168
271.184529
681.964895
154.205563
387.748671
419.292233
633.762876
152.987245
253.599660
920.310231
977.473368
558.997359
819.011215
555.867678
193.181096
601.664789
859.754623
480.464206
210.512661
347.409947
913.563037
643.281690
873.685969
427.271334
298.630485
77.405680
114.008031
188.914464
276.021052
399.831352
21.842701
267.658219
671.015882
703.807596
421.863782
58.764553
123.099829
55.626658
211.751798
376.699489
975.936890
189.225166
935.696848
794.948104
745.092844
128.877943
396.612893
604.847466
609.342149
607.125555
952.257412
522.905186
250.407244
825.943381
950.176520
549.037729
903.349061
64.184551
737.952194
179.370113
464.015904
759.794895
447.028332
135.031785
463.602491
868.892115
193.796339
586.702320
924.518773
405.548136
963.401809
900.455662
594.773302
899.098656
695.403766
339.866146
27.976599
92.016658
944.713612
637.318749
699.142213
896.971024
160.223934
949.549457
722.914404
110.400454
498.587185
626.263465
174.585005
236.539378
805.633577
638.600909
996.334273
252.661910
773.632695
459.936764
121.554024
967.429034
46.639084
46.072796
372.977170
10.040892
946.528458
967.750472
909.139548
641.932223
307.616618
937.116147
733.948882
252.330229
574.434896
433.091094
149.301252
734.658830
382.640551
872.215657
845.059284
881.227736
498.479121
19.644290
117.767114
304.112699
658.245199
114.101387
556.774608
431.877894
574.038151
678.328632
399.306928
620.677235
724.401428
772.284098
630.718128
670.929885
740.034570
539.857676
312.862109
47.651187
476.973823
46.810990
299.981416
51.408718
479.902084
449.282669
786.067549
862.542635
321.498325
631.126833
743.770370
819.977446
650.771123
861.537484
124.090144
309.016322
975.638872
680.864753
740.894216
549.677023
359.193384
140.201144
170.354258
83.594811
912.485241
801.072386
754.524697
652.519811
340.930062
67.386805
700.170998
817.903885
114.197795
0.152413
869.312603
594.099879
449.435082
655.380152
456.642513
770.933407
286.506985
200.412884
590.910854
937.278107
61.950367
715.000998
246.294429
37.589239
395.865751
987.188645
587.266262
755.059135
127.389788
757.620521
838.653946
39.875029
558.692906
593.178643
692.394840
899.622968
660.565448
392.565837
717.526852
774.763243
392.718251
586.839455
368.863122
842.153333
242.219606
825.505635
613.086740
528.726591
25.918518
203.997593
466.004698
87.868886
918.998592
712.299127
125.458125
314.864342
699.487771
712.724388
69.923476
826.877559
470.344908
908.577422
866.752589
29.037814
501.756064
559.147428
928.660782
162.321512
951.713265
646.187634
937.084755
344.431516
233.027089
305.947876
186.584849
475.246695
131.453511
799.671588
3.973285
157.372030
3.669181
469.977983
245.240916
922.667773
182.277109
370.699041
237.532114
881.764881
83.423428
307.455590
708.642440
553.768336
216.033012
575.395028
582.806150
717.789077
134.542456
511.466932
880.110589
86.255721
157.654566
817.195343
430.687237
390.681654
123.143219
617.272086
865.928349
254.596730
416.943674
869.901634
411.968759
420.612855
339.879617
657.209675
343.280628
522.156726
27.908716
580.812742
403.921607
111.332144
888.268332
112.564046
665.100480
104.301344
687.959074
247.906631
822.090421
822.501531
759.373563
702.201009
908.757252
917.028129
519.396352
339.444489
307.709783
642.539571
956.716575
173.638131
897.136301
373.660248
43.539765
309.105060
794.273103
383.419382
966.314736
137.553731
905.576108
994.223452
718.366473
309.497715
105.555595
606.634805
422.061761
770.656076
710.936149
110.020835
18.562706
533.026569
932.522366
777.936268
235.227578
841.279617
694.964397
754.623930
180.724106
2.674179
397.163501
137.440680
176.312310
294.299802
511.100929
219.852076
603.404862
305.374032
603.271458
569.719597
442.927762
508.847566
563.943049
161.294235
818.345281
669.498644
767.929039
240.407041
440.154720
478.865188
350.427877
458.717426
11.891757
282.950242
236.653694
247.119336
124.229860
931.618091
1.743265
304.953966
934.292270
398.906767
442.394646
110.604580
693.206569
953.495575
330.456655
296.611431
258.869606
933.728113
866.331028
701.797368
442.575678
430.274077
863.091603
260.920959
99.772721
631.020642
501.328001
539.927440
109.885830
851.755877
998.644867
121.777587
134.706120
235.298560
368.896922
258.935979
166.916650
370.640188
563.889945
101.208920
769.546955
6.284590
211.813499
462.753523
959.780165
542.270154
759.364954
218.649770
475.998267
625.695982
920.447139
918.573946
55.970058
783.538741
179.494904
155.742779
414.559382
680.822905
695.670220
524.445212
532.578782
694.315086
646.222798
667.284902
929.613646
15.119720
926.220881
96.530296
385.759908
490.110826
197.739216
155.306863
496.395416
409.552715
618.060386
456.175581
951.822870
377.425339
674.825352
427.821137
3.121321
595.272490
346.395082
59.091379
378.811230
525.889987
214.834158
793.370613
206.712892
910.504378
317.815824
739.291675
604.819463
964.038623
406.576577
534.433109
979.158343
332.797458
630.963405
364.918251
822.908284
828.702622
520.225114
319.303700
238.255337
138.285500
775.479281
190.078206
515.710839
450.304632
617.899344
518.832159
45.577122
964.294427
577.923538
424.388352
490.184413
792.757696
217.758964
696.897306
703.262074
535.574789
436.188980
308.081537
499.613411
842.765557
842.514647
478.771754
175.563015
473.478052
843.690006
998.471298
302.180673
363.915119
317.774998
540.436009
502.200619
93.254278
730.514216
17.911457
543.558911
348.413559
536.743617
589.136033
312.707985
114.667155
13.524385
802.892399
907.424852
231.283350
499.789704
610.686926
766.858139
935.978685
918.768463
266.471550
778.744242
761.283109
745.243304
954.307256
234.761160
588.933309
952.778554
536.941833
952.848429
270.553552
77.377842
455.049048
363.807831
807.892058
472.960506
907.366742
156.305617
9.704122
496.502775
469.013603
124.371278
510.027159
271.906001
31.796129
741.310509
771.695706
642.483054
508.168647
707.674391
561.251517
774.640196
486.418632
322.534626
519.883500
440.725888
557.295786
108.816809
393.504442
94.237618
61.665238
664.057994
171.615460
516.714286
27.865824
979.507518
989.674792
935.232566
135.813134
999.378914
431.735340
604.826737
123.750192
941.762499
876.732739
155.546321
683.073008
648.428444
798.029375
191.241655
356.102834
359.280892
965.881851
842.521466
681.815517
485.765351
283.247353
239.111303
594.582160
676.751795
333.348921
656.247398
340.809789
504.964381
172.961684
368.675613
484.471898
162.636476
303.908178
620.285033
162.015390
735.643518
225.111770
285.765582
677.406017
101.844508
441.311903
360.479025
750.272952
239.341278
551.720680
106.375786
598.622170
517.602530
948.897252
280.437687
3.367881
232.144605
519.548990
597.950041
908.896400
852.897910
254.197439
249.706188
357.862291
427.159123
618.381801
842.334189
589.795599
922.289979
462.619222
751.810989
657.933497
687.730992
37.576571
335.339514
789.575500
478.888474
695.818539
539.848452
718.229752
247.539218
646.224237
316.851922
765.141748
595.121489
597.289608
768.509629
827.266094
116.838597
366.459670
736.162493
969.736508
620.657109
985.868682
327.598799
47.816231
604.250482
169.932988
637.611831
526.540461
632.552210
389.422820
184.473958
320.283202
426.999391
519.813472
109.858701
905.887865
215.632010
649.707153
624.117617
463.171228
295.931390
940.969538
228.312976
891.052879
538.259146
996.822605
718.318972
655.097744
363.282274
454.481465
624.834251
983.939383
440.350146
952.433050
31.755614
44.600628
122.366037
669.367445
571.141090
754.918247
58.790265
755.615048
75.201449
485.789655
275.428519
185.060150
391.677520
491.060529
834.767303
15.795137
954.231758
130.698693
956.764675
182.544733
21.751571
495.023821
179.367338
740.070544
150.121564
542.649612
194.552009
774.955816
526.588995
634.902155
727.388865
558.344609
679.502783
849.754903
227.712054
250.643872
604.673150
286.502319
6.258919
679.874599
772.291975
281.687439
864.934749
163.969494
772.747968
699.702051
179.764631
726.979725
830.400744
136.529306
909.524458
852.152316
631.553127
88.891796
592.222859
781.674691
631.541408
786.774868
556.630506
158.130403
421.677022
284.019372
716.475012
101.179805
133.774274
944.187066
351.823678
738.447424
230.689385
358.082597
418.322022
2.981359
639.770036
283.256771
166.950853
412.518004
982.958823
346.715484
139.497728
813.359566
483.244790
49.022186
665.511882
114.797917
137.913982
257.734740
896.472608
769.455390
44.509608
453.103115
927.585793
466.186630
737.122486
644.060805
567.366435
870.896760
588.247870
919.190113
609.344184
818.937255
277.272711
27.666206
821.918614
917.042747
310.922977
988.869467
329.560750
293.881799
335.584951
469.058478
107.241365
818.829741
518.080665
772.753246
933.627658
655.994647
30.487987
830.100266
425.450037
74.997595
283.203380
353.035830
541.184225
20.325866
997.096634
108.550660
891.222626
585.344504
27.740773
500.566810
404.281759
305.013484
528.233016
226.200373
222.056230
839.155993
215.069839
551.616980
133.037792
550.654790
20.675458
240.279156
369.484531
538.756123
13.032403
303.112189
194.750770
43.520390
133.212455
620.200807
118.517984
416.415836
973.236636
659.702209
436.741702
970.333270
768.252869
327.964328
555.677775
795.993642
828.531139
959.959534
101.007126
356.764154
186.159906
323.063356
195.920147
401.229745
874.680337
328.957938
951.884536
895.355795
569.237095
321.369067
434.111918
582.269498
624.481256
628.862688
625.789888
757.693712
249.063494
744.307872
174.109547
222.300131
404.010080
610.851249
192.633400
172.262949
938.815578
748.311175
968.256592
767.346716
708.270708
69.263717
124.110870
894.430615
392.327074
320.031016
295.660360
267.007410
648.988955
247.544896
162.363205
218.226050
568.913962
596.475124
800.495548
193.395218
225.337811
426.285435
951.088930
474.401306
170.593306
125.198477
696.701436
574.603386
736.049726
889.334837
746.866336
674.865304
637.646011
715.122927
442.212019
345.916720
784.386645
566.322889
240.347334
176.713718
886.353906
536.007694
443.721128
535.342860
783.552590
606.084334
753.568910
352.466552
202.559457
554.064457
545.861771
427.897268
980.349892
496.950701
902.298574
150.943197
622.149178
599.000010
725.546584
358.198905
488.334846
472.412919
33.064208
125.980858
187.535846
475.276228
471.897578
971.922490
41.599116
712.244912
148.636208
927.953022
248.252606
592.357336
463.295882
31.805195
198.441669
216.864791
384.271748
401.001126
770.929248
930.133519
828.898395
751.279140
427.084220
731.196969
902.222337
49.233397
330.196978
627.768921
407.432302
818.531825
100.181839
440.496511
944.512683
287.717685
915.772738
416.410260
259.640175
957.371855
128.655172
408.276383
885.324877
376.907777
0.633718
348.620758
408.712973
199.075388
565.485550
792.984721
600.076514
336.414798
723.118240
428.974909
87.693938
150.202459
160.171877
989.916275
199.435857
490.368855
617.685195
606.868159
308.900680
717.867035
47.364669
253.413363
5.584720
963.137408
669.823623
265.224895
920.509262
798.478794
673.501277
805.834138
175.386571
674.134996
154.454896
584.099544
873.210384
719.940446
377.084265
473.286898
56.355244
100.202504
902.261806
144.049181
250.404963
62.433683
133.965456
449.840821
552.802538
751.650651
56.708979
861.703218
469.517686
104.073649
115.116580
475.102405
67.211056
784.940203
740.327300
987.720318
583.418997
413.828577
793.554456
758.805568
87.963572
948.009353
342.905112
961.173956
667.949798
719.989376
434.460853
724.305042
820.191881
336.722659
868.354224
70.596844
399.156342
2.319679
520.437665
951.958880
753.970330
577.146644
813.662098
223.488016
681.220293
928.778679
698.590421
748.431349
713.718881
438.917720
736.151667
297.137878
852.746297
529.706123
55.943445
940.709869
477.715475
398.848557
901.883825
145.665273
118.837933
336.344678
869.970315
939.029814
673.067337
738.324538
9.626658
72.223678
740.644217
530.064323
24.182558
494.614547
107.210966
837.844656
718.102563
788.431260
766.623334
416.692984
536.862608
480.342215
855.610704
273.014275
777.480093
708.357001
802.720398
833.423538
649.066870
280.435873
232.272094
550.950695
426.101146
351.110027
887.295373
296.071461
290.139841
560.362709
34.395999
299.766499
632.586388
775.040217
829.830822
656.768946
269.654764
937.041788
494.613602
987.757327
725.473048
261.236936
404.450310
262.335656
741.579152
260.061014
535.349931
519.059244
968.418015
338.070329
352.482781
617.484885
618.506202
584.754876
168.435579
44.607348
935.864903
55.730952
340.678809
226.004745
616.093661
375.074808
525.771244
248.680048
150.115024
355.602065
905.448994
419.769788
292.643853
400.062596
407.527114
18.116901
661.299532
811.977425
280.452557
402.878683
72.038438
815.802487
921.937927
40.456453
153.872816
274.420708
657.941338
772.379018
859.175584
826.376917
816.986366
795.040488
882.107869
157.665175
21.045232
498.201529
532.739982
546.816475
746.881577
682.855007
902.418541
652.330571
102.624794
195.062393
52.393166
510.151909
213.179294
713.692698
322.129333
493.631851
116.571380
394.167771
309.434338
38.509307
434.624224
463.307154
312.930015
92.565562
235.686172
172.105599
918.942479
52.672538
967.146087
801.050347
210.337712
988.191319
299.251876
743.077695
535.007794
46.133453
425.932701
437.426334
698.464023
528.557495
632.488727
750.857189
38.709403
845.668022
464.549886
360.838736
339.299872
581.121267
755.006507
648.734210
619.630574
189.630731
112.041364
932.560589
282.196293
347.727536
104.666188
201.138772
400.400074
71.812274
2.189118
610.737786
60.003593
301.440994
353.815481
595.011386
347.574447
779.748182
32.437720
46.038470
308.305676
664.926447
796.895659
347.015079
510.594469
261.445545
707.853815
849.894341
842.566812
462.860322
498.628551
462.197385
652.491053
610.669916
394.757974
934.687346
958.397453
499.424162
135.826117
358.797527
571.236437
138.015236
969.535313
631.240029
439.456231
323.350794
226.251415
787.030678
103.098975
258.689135
833.069148
411.404652
923.615582
629.964806
758.419731
434.210051
891.410352
466.273546
284.104392
733.977164
929.133868
782.732943
196.174549
581.624921
393.402859
590.932523
516.312266
351.800312
90.356684
652.138384
710.597838
661.593121
790.153620
680.133151
292.833150
229.609850
3.483944
519.084565
16.640528
106.582920
777.773700
849.709676
517.987571
701.389281
479.674482
276.407302
135.599332
371.084833
742.680848
419.703724
105.061996
671.814716
202.436667
301.236545
253.439637
595.839527
892.169068
769.751903
947.639838
982.525752
421.890287
658.237676
644.118872
212.043907
338.370826
936.952022
441.653757
341.854771
456.036586
458.294285
448.437690
233.810285
308.003960
966.425262
935.199567
787.678442
242.832563
70.798899
158.763276
985.513412
490.502623
263.825272
657.328128
692.939291
565.061817
910.767765
288.778817
457.230884
680.519668
236.418655
439.756636
102.409954
894.656331
83.875508
314.453861
233.027157
20.827530
756.107618
574.881927
476.864116
214.401903
23.319617
710.674402
522.405864
989.744879
645.873968
310.084306
232.577443
716.672867
468.847581
218.090854
207.175490
732.672854
875.418982
900.114780
297.734670
786.186747
188.893597
754.965555
466.706414
425.312252
194.722191
569.116368
319.968582
278.597699
883.570230
552.995739
299.425229
639.677848
127.877666
776.289345
854.079751
151.197284
486.963746
376.485615
140.942162
132.837714
686.569921
373.519605
849.510582
155.417502
591.610460
56.686071
888.090356
467.029442
956.800851
185.825026
253.216188
145.694448
940.790581
719.922602
571.006700
135.512771
289.038970
890.975282
414.110470
172.609199
443.971020
713.535699
812.287047
571.848686
489.825045
666.366798
723.045970
976.788791
42.852413
863.988132
109.626505
729.422334
237.507737
959.137087
884.839836
829.118197
15.823157
772.930192
296.147639
972.624009
958.755217
549.363827
118.318456
899.545798
269.286428
689.325156
35.058569
558.325398
580.300437
449.169039
730.934597
24.271457
162.704739
543.221644
596.120143
652.529783
209.588443
319.166112
629.318574
252.440855
183.154244
738.945079
981.863189
420.661981
698.082165
866.703025
249.780178
713.905323
639.633216
545.927817
686.529331
598.388434
95.291643
804.847787
497.934231
364.578071
494.172943
532.992800
922.903470
74.473380
982.161840
653.838067
98.744837
144.866579
197.059711
694.864980
797.396362
406.648154
14.031092
426.714936
659.089009
197.185336
165.660014
640.952198
617.847318
863.742180
507.655223
867.627496
577.647502
147.288439
413.555313
264.176833
745.676873
508.846956
69.024619
243.611104
873.425027
563.197562
776.603904
796.328497
637.670942
758.765744
450.166563
736.415779
903.632323
647.226274
431.280758
701.028685
53.874427
445.311850
127.743620
712.963436
642.497185
293.403634
353.915634
260.344503
157.145814
861.570857
127.971998
734.793316
8.859295
541.527311
998.970149
754.536168
50.374266
67.994768
998.147272
923.799294
631.192330
774.751176
720.127790
268.863272
533.516919
170.294352
5.279050
437.149242
817.520626
436.559808
138.177927
871.395054
881.871657
265.921547
584.358489
524.368842
559.325182
938.274124
784.713345
716.470996
799.844980
912.685344
451.264312
808.704276
454.212655
450.234460
563.240443
504.586921
518.229228
561.387714
428.386214
149.421557
336.138890
148.514004
418.284829
869.655809
318.808356
423.563879
306.805052
136.328982
860.123686
444.982978
7.724036
741.995343
710.904525
592.082525
266.364186
270.229707
530.356648
51.077531
986.700703
330.201628
963.762875
437.965014
138.905903
417.975529
888.199475
702.146346
922.562450
406.428702
263.534060
350.948664
555.850260
599.672950
499.462668
974.135089
469.328759
818.271024
397.698967
776.133811
954.600006
257.822653
221.116789
962.324041
999.817997
932.021314
554.406566
266.182182
202.251021
84.763214
317.259713
188.951724
414.964842
281.022587
626.916738
553.870745
698.998116
515.116212
256.017091
621.560565
921.544915
519.551152
972.509230
477.395174
119.224101
471.971897
451.530262
588.552860
290.242920
849.229230
364.686671
244.842926
107.051883
585.803460
207.166967
106.869880
517.824773
761.573533
373.052062
720.075795
846.336747
690.311775
909.027519
261.301589
971.334363
535.944256
815.172335
670.332479
51.060468
71.189425
291.893044
972.605383
590.740577
264.402273
450.000556
709.964678
736.374169
901.530819
298.517539
26.617089
750.760048
663.204210
271.460015
857.811931
249.007669
478.626982
964.681811
766.832442
240.200515
337.733872
486.908237
86.537262
28.045647
395.935755
347.838851
999.380010
931.880012
163.011185
669.712488
982.940480
234.200611
961.605532
955.545863
824.941188
226.007805
405.546419
534.905867
962.381974
307.077237
833.423405
988.999064
57.837284
496.627615
260.459078
915.649215
745.635284
739.086060
880.331025
512.467725
979.286575
218.064897
999.375963
65.823836
246.110545
395.311717
413.662687
245.490554
327.191728
576.673872
915.203043
310.132208
810.874483
876.808575
265.678070
635.815671
102.816379
671.224489
170.721537
65.198353
978.301726
4.144941
54.197417
36.139010
500.772556
314.656495
951.788225
246.407839
53.742555
832.119250
758.875565
33.029129
50.184147
758.251527
98.852965
296.294692
153.563244
512.515651
541.785247
480.754972
89.189523
456.988289
790.887181
900.064005
333.796864
56.565250
535.879676
436.613243
727.789739
706.601212
501.811596
706.091465
710.746154
556.009013
742.230474
211.518709
870.665508
694.018699
457.926548
924.408063
526.137949
216.802113
957.437192
576.322097
975.053640
56.290156
872.616789
128.616883
568.805808
414.402035
609.371856
657.995330
871.390325
400.259036
558.059336
205.187188
456.824286
93.939011
641.800431
184.614025
800.540224
143.612027
890.705490
511.286377
699.621040
632.935964
722.805086
570.286548
326.954663
180.731634
494.694610
853.092612
397.533747
452.131801
429.414708
372.587387
508.421958
302.031497
501.204270
77.227765
716.433532
110.576125
735.223096
587.823857
510.835161
293.282431
793.011045
967.659447
387.221442
434.811476
152.273472
187.761665
578.423504
42.978962
699.048043
278.044543
675.914926
421.853129
848.331091
2.869589
602.584763
343.025701
855.962201
0.118510
795.157502
285.376909
372.705897
303.579460
587.408406
873.910166
380.807224
303.841939
984.486292
116.030320
891.665796
495.321452
409.312751
684.676841
462.980899
796.534194
119.488317
615.254371
984.295859
697.911820
658.233333
683.343901
975.956364
334.148259
105.197029
824.287455
337.017848
707.781792
167.313155
192.980049
707.900302
962.470657
478.356959
80.606198
266.050116
65.765365
954.516365
646.857341
369.607303
939.002656
762.887661
261.273099
434.324108
172.200411
945.949940
897.305007
968.734605
65.438257
512.559377
953.030464
763.350077
170.792710
636.374364
739.306440
504.940969
741.571394
563.593895
841.958817
449.353186
730.907049
34.938866
157.253488
693.377706
513.295824
237.859686
959.427822
579.061189
192.376051
606.285163
948.668493
131.378707
369.172823
209.941592
565.702814
541.373234
155.891532
463.007821
510.107839
221.329788
975.567198
463.138302
984.679865
146.359908
99.512667
723.986305
651.300878
841.084061
287.580199
493.259695
290.437246
18.487248
528.198560
447.690734
711.864954
41.494385
685.550421
671.292776
620.555574
877.926472
277.577939
569.224067
9.305178
646.750761
779.165659
575.007992
188.123996
935.057191
38.015813
698.231835
156.386979
13.583011
161.370136
141.066843
159.942919
260.882803
865.053149
811.243796
101.966863
152.633348
304.503490
392.404109
171.120596
832.702051
840.094844
882.985550
874.196436
525.645264
554.278326
494.752010
403.571736
831.856265
63.976076
412.876914
478.607026
843.141735
987.884906
666.731022
778.198926
25.900718
364.962856
934.585904
39.483729
526.332993
75.652747
199.426647
787.215796
940.705896
10.670444
889.182659
93.339243
315.173934
281.586769
264.459840
147.875985
121.681612
147.445390
22.072420
647.326877
701.723717
516.824431
50.898612
533.579981
580.800507
463.775526
12.187007
423.942242
451.660431
678.918029
202.141168
477.561150
43.880885
136.727072
517.044878
570.213878
212.379819
716.471526
357.429674
153.085715
727.141970
246.612333
246.424959
42.315903
528.199102
510.884799
190.191888
649.880714
658.330189
212.264309
297.207590
360.053905
729.088740
348.106202
893.633886
309.889247
811.881728
905.820894
733.831489
263.542159
584.738922
935.972657
741.103309
628.619808
72.699729
258.148187
198.833685
285.079549
974.619713
556.263360
438.165264
701.761682
802.875692
684.590224
744.077586
331.074794
195.475022
934.269474
980.955508
853.805211
146.533783
278.163098
213.859116
875.622522
626.269300
107.493002
185.511769
438.151028
13.313895
919.343258
701.693187
598.052817
855.315916
442.796495
226.672624
928.015645
700.944682
425.506310
213.095193
675.564395
981.769669
651.260458
377.326077
784.645362
335.850681
121.403662
115.720155
531.325703
55.673136
96.675663
385.130914
202.206919
374.838761
598.990030
77.829441
1.108061
706.483032
263.341210
439.259088
719.796927
182.684467
140.952275
317.849744
38.000383
583.748771
544.522369
966.016028
284.693453
970.028679
179.111221
960.257848
951.798348
830.371679
337.583924
736.443709
166.222360
458.987586
852.163864
697.548063
514.660722
948.839527
82.678977
716.867641
323.678287
681.669006
794.697082
324.786348
388.152038
58.038291
764.045437
107.948965
240.722758
904.997712
425.798709
278.723141
488.746482
970.321078
244.739168
773.439935
940.349757
423.850389
733.697782
892.148104
254.222068
71.281706
628.591813
420.444427
530.269292
480.755677
117.992490
44.930015
429.595204
200.671466
761.797656
753.273491
882.340473
556.494737
78.059839
